1 512291 30492 27746
50001 68775 40845 38118
100001 70200 42496 50990
150001 324381 116501 100841
200001 166616 117610 103269
250001 77248 33985 30950
300001 91761 34261 30270
350001 80728 34558 30820
400001 71988 27587 26359
450001 71707 28548 31230
500001 66206 27046 25914
550001 66844 28626 26535
600001 74368 28181 26942
650001 76096 28240 27201
700001 70953 29181 26282
750001 73018 28068 26132
800001 72541 33555 31167
850001 73673 28295 25364
900001 76505 29149 26750
950001 75022 29348 26311
