1 138.000000 73.000000 
50001 73.000000 43.000000 
100001 85.000000 37.000000 
150001 55.000000 34.000000 
200001 60.000000 33.000000 
250001 68.000000 39.000000 
300001 83.000000 37.000000 
350001 73.000000 23.000000 
400001 83.000000 35.000000 
450001 77.000000 35.000000 
500001 79.000000 36.000000 
550001 81.000000 40.000000 
600001 79.000000 39.000000 
650001 83.000000 35.000000 
700001 86.000000 29.000000 
750001 90.000000 42.000000 
800001 83.000000 40.000000 
850001 76.000000 32.000000 
900001 83.000000 39.000000 
950001 79.000000 36.000000 
