1 0.000000 0.000000 
50001 0.000171 0.000116 
100001 0.000338 0.000232 
150001 0.000501 0.000351 
200001 0.000668 0.000465 
250001 0.000836 0.000583 
300001 0.001005 0.000703 
350001 0.001173 0.000823 
400001 0.001337 0.000939 
450001 0.001504 0.001051 
500001 0.001670 0.001176 
550001 0.001842 0.001294 
600001 0.002014 0.001404 
650001 0.002174 0.001526 
700001 0.002366 0.001647 
750001 0.002518 0.001762 
800001 0.002697 0.001879 
850001 0.002856 0.001998 
900001 0.003027 0.002276 
950001 0.003199 0.002258 
